FANN_FLO_2.1
num_layers=2
learning_rate=0.350000
connection_rate=1.000000
network_type=1
learning_momentum=0.000000
training_algorithm=2
train_error_function=0
train_stop_function=1
cascade_output_change_fraction=0.010000
quickprop_decay=-0.000100
quickprop_mu=1.750000
rprop_increase_factor=1.200000
rprop_decrease_factor=0.500000
rprop_delta_min=0.000000
rprop_delta_max=50.000000
rprop_delta_zero=0.100000
cascade_output_stagnation_epochs=12
cascade_candidate_change_fraction=0.010000
cascade_candidate_stagnation_epochs=12
cascade_max_out_epochs=150
cascade_min_out_epochs=50
cascade_max_cand_epochs=150
cascade_min_cand_epochs=50
cascade_num_candidate_groups=8
bit_fail_limit=8.99999976158142090000e-001
cascade_candidate_limit=1.00000000000000000000e+003
cascade_weight_multiplier=4.00000005960464480000e-001
cascade_activation_functions_count=1
cascade_activation_functions=5 
cascade_activation_steepnesses_count=1
cascade_activation_steepnesses=1.00000000000000000000e+000 
layer_sizes=9 1 
scale_included=0
neurons (num_inputs, activation_function, activation_steepness)=(0, 0, 0.00000000000000000000e+000) (0, 0, 0.00000000000000000000e+000) (0, 0, 0.00000000000000000000e+000) (0, 0, 0.00000000000000000000e+000) (0, 0, 0.00000000000000000000e+000) (0, 0, 0.00000000000000000000e+000) (0, 0, 0.00000000000000000000e+000) (0, 0, 0.00000000000000000000e+000) (0, 0, 0.00000000000000000000e+000) (9, 0, 5.00000000000000000000e-001) 
connections (connected_to_neuron, weight)=(0, 1.35314941406250000000e+000) (1, 1.62207031250000000000e+000) (2, 1.29113769531250000000e+000) (3, 1.24560546875000000000e+000) (4, 1.33081054687500000000e+000) (5, 7.27294921875000000000e-001) (6, -9.12597656250000000000e-001) (7, 1.84118652343750000000e+000) (8, -3.69750976562500000000e-001) 
